32 32
-510.0 510.0
-510.0 510.0
-1 	-1 	-1 	-1 	-1 	-1 	-1 	-1 	-1 	-1 	-1 	-1 	-1 	-1 	-1 	10 	6 	-1 	-1 	-1 	-1 	-1 	-1 	-1 	-1 	-1 	-1	-1 	-1 	-1 	-1 	-1 
-1 	-1 	-1 	-1 	-1 	-1 	-1 	-1 	-1 	-1 	-1 	-1 	-1 	-1 	-1 	8 	2 	-1 	-1 	-1 	-1 	-1 	-1 	-1 	-1 	-1 	-1	-1 	-1 	-1 	-1 	-1 
-1 	-1 	-1 	-1 	-1 	-1 	-1 	-1 	-1 	-1 	-1 	-1 	-1 	-1 	-1 	8 	2 	-1 	-1 	-1 	-1 	-1 	-1 	-1 	-1 	-1 	-1	-1 	-1 	-1 	-1 	-1 
-1 	-1 	-1 	-1 	-1 	-1 	-1 	-1 	-1 	-1 	-1 	-1 	-1 	-1 	-1 	8 	2 	-1 	-1 	-1 	-1 	-1 	-1 	-1 	-1 	-1 	-1	-1 	-1 	-1 	-1 	-1 
-1 	-1 	-1 	-1 	-1 	-1 	-1 	-1 	-1 	-1 	-1 	-1 	-1 	-1 	-1 	8 	2 	-1 	-1 	-1 	-1 	-1 	-1 	-1 	-1 	-1 	-1	-1 	-1 	-1 	-1 	-1 
-1 	-1 	-1 	-1 	-1 	-1 	-1 	-1 	-1 	-1 	-1 	-1 	-1 	-1 	-1 	8 	2 	-1 	-1 	-1 	-1 	-1 	-1 	-1 	-1 	-1 	-1	-1 	-1 	-1 	-1 	-1 
-1 	-1 	-1 	-1 	-1 	-1 	-1 	-1 	-1 	-1 	-1 	-1 	-1 	-1 	-1 	8 	2 	-1 	-1 	-1 	-1 	-1 	-1 	-1 	-1 	-1 	-1	-1 	-1 	-1 	-1 	-1 	
-1 	-1 	-1 	-1 	-1 	-1 	-1 	-1 	-1 	-1 	-1 	-1 	-1 	-1 	-1 	8 	2 	-1 	-1 	-1 	-1 	-1 	-1 	-1 	-1 	-1 	-1	-1 	-1 	-1 	-1 	-1 	
-1 	-1 	-1 	-1 	-1 	-1 	-1 	-1 	-1 	-1 	-1 	-1 	-1 	-1 	-1 	8 	2 	-1 	-1 	-1 	-1 	-1 	-1 	-1 	-1 	-1 	-1	-1 	-1 	-1 	-1 	-1 	
-1 	-1 	-1 	-1 	-1 	-1 	-1 	-1 	-1 	-1 	-1 	-1 	-1 	-1 	-1 	8 	2 	-1 	-1 	-1 	-1 	-1 	-1 	-1 	-1 	-1 	-1	-1 	-1 	-1 	-1 	-1 	
-1 	-1 	-1 	-1 	-1 	-1 	-1 	-1 	-1 	-1 	-1 	-1 	-1 	-1 	-1 	8 	2 	-1 	-1 	-1 	-1 	-1 	-1 	-1 	-1 	-1 	-1	-1 	-1 	-1 	-1 	-1 	
-1 	-1 	-1 	-1 	-1 	-1 	-1 	-1 	-1 	-1 	-1 	-1 	-1 	-1 	-1 	8 	2 	-1 	-1 	-1 	-1 	-1 	-1 	-1 	-1 	-1 	-1	-1 	-1 	-1 	-1 	-1 	
-1 	-1 	-1 	-1 	-1 	-1 	-1 	-1 	-1 	-1 	-1 	-1 	-1 	-1 	-1 	8 	2 	-1 	-1 	-1 	-1 	-1 	-1 	-1 	-1 	-1 	-1	-1 	-1 	-1 	-1 	-1 	
-1 	-1 	-1 	-1 	-1 	-1 	-1 	-1 	-1 	-1 	-1 	-1 	-1 	-1 	-1 	8 	2 	-1 	-1 	-1 	-1 	-1 	-1 	-1 	-1 	-1 	-1	-1 	-1 	-1 	-1 	-1 	
-1 	-1 	-1 	-1 	-1 	-1 	-1 	-1 	-1 	-1 	-1 	-1 	-1 	-1 	-1 	8 	2 	-1 	-1 	-1 	-1 	-1 	-1 	-1 	-1 	-1 	-1	-1 	-1 	-1 	-1 	-1 	
12 	4	4	4	4	4	4	4	4	4	4	4 	4 	4 	4 	0	0 	4 	4	4	4	4	4	4	4	4	4	4	4 	4 	4 	6
9 	1 	1	1	1	1	1	1	1	1	1	1	1 	1 	1 	0 	0	1	1	1	1	1	1	1	1	1	1	1 	1 	1 	1 	3
-1 	-1 	-1 	-1 	-1 	-1 	-1 	-1 	-1 	-1 	-1 	-1 	-1 	-1 	-1 	8 	2 	-1 	-1 	-1 	-1 	-1 	-1 	-1 	-1 	-1 	-1	-1 	-1 	-1 	-1 	-1 
-1 	-1 	-1 	-1 	-1 	-1 	-1 	-1 	-1 	-1 	-1 	-1 	-1 	-1 	-1 	8 	2 	-1 	-1 	-1 	-1 	-1 	-1 	-1 	-1 	-1 	-1	-1 	-1 	-1 	-1 	-1 
-1 	-1 	-1 	-1 	-1 	-1 	-1 	-1 	-1 	-1 	-1 	-1 	-1 	-1 	-1 	8 	2 	-1 	-1 	-1 	-1 	-1 	-1 	-1 	-1 	-1 	-1	-1 	-1 	-1 	-1 	-1 
-1 	-1 	-1 	-1 	-1 	-1 	-1 	-1 	-1 	-1 	-1 	-1 	-1 	-1 	-1 	8 	2 	-1 	-1 	-1 	-1 	-1 	-1 	-1 	-1 	-1 	-1	-1 	-1 	-1 	-1 	-1 
-1 	-1 	-1 	-1 	-1 	-1 	-1 	-1 	-1 	-1 	-1 	-1 	-1 	-1 	-1 	8 	2 	-1 	-1 	-1 	-1 	-1 	-1 	-1 	-1 	-1 	-1	-1 	-1 	-1 	-1 	-1 
-1 	-1 	-1 	-1 	-1 	-1 	-1 	-1 	-1 	-1 	-1 	-1 	-1 	-1 	-1 	8 	2 	-1 	-1 	-1 	-1 	-1 	-1 	-1 	-1 	-1 	-1	-1 	-1 	-1 	-1 	-1 	
-1 	-1 	-1 	-1 	-1 	-1 	-1 	-1 	-1 	-1 	-1 	-1 	-1 	-1 	-1 	8 	2 	-1 	-1 	-1 	-1 	-1 	-1 	-1 	-1 	-1 	-1	-1 	-1 	-1 	-1 	-1 	
-1 	-1 	-1 	-1 	-1 	-1 	-1 	-1 	-1 	-1 	-1 	-1 	-1 	-1 	-1 	8 	2 	-1 	-1 	-1 	-1 	-1 	-1 	-1 	-1 	-1 	-1	-1 	-1 	-1 	-1 	-1 	
-1 	-1 	-1 	-1 	-1 	-1 	-1 	-1 	-1 	-1 	-1 	-1 	-1 	-1 	-1 	8 	2 	-1 	-1 	-1 	-1 	-1 	-1 	-1 	-1 	-1 	-1	-1 	-1 	-1 	-1 	-1 	
-1 	-1 	-1 	-1 	-1 	-1 	-1 	-1 	-1 	-1 	-1 	-1 	-1 	-1 	-1 	8 	2 	-1 	-1 	-1 	-1 	-1 	-1 	-1 	-1 	-1 	-1	-1 	-1 	-1 	-1 	-1 	
-1 	-1 	-1 	-1 	-1 	-1 	-1 	-1 	-1 	-1 	-1 	-1 	-1 	-1 	-1 	8 	2 	-1 	-1 	-1 	-1 	-1 	-1 	-1 	-1 	-1 	-1	-1 	-1 	-1 	-1 	-1 	
-1 	-1 	-1 	-1 	-1 	-1 	-1 	-1 	-1 	-1 	-1 	-1 	-1 	-1 	-1 	8 	2 	-1 	-1 	-1 	-1 	-1 	-1 	-1 	-1 	-1 	-1	-1 	-1 	-1 	-1 	-1 	
-1 	-1 	-1 	-1 	-1 	-1 	-1 	-1 	-1 	-1 	-1 	-1 	-1 	-1 	-1 	8 	2 	-1 	-1 	-1 	-1 	-1 	-1 	-1 	-1 	-1 	-1	-1 	-1 	-1 	-1 	-1 	
-1 	-1 	-1 	-1 	-1 	-1 	-1 	-1 	-1 	-1 	-1 	-1 	-1 	-1 	-1 	8 	2 	-1 	-1 	-1 	-1 	-1 	-1 	-1 	-1 	-1 	-1	-1 	-1 	-1 	-1 	-1 	
-1 	-1 	-1 	-1 	-1 	-1 	-1 	-1 	-1 	-1 	-1 	-1 	-1 	-1 	-1 	9 	3 	-1 	-1 	-1 	-1 	-1 	-1 	-1 	-1 	-1 	-1	-1 	-1 	-1 	-1 	-1 	


Comment: -> positive z, \/ positive x direction
Comment: Units are in Meters
