1
678
0.349020 0.372549 0.360784 1.000000 0.000000 0.003500 0.000000 0.007500 -0.141349 -0.092427
0.349020 0.372549 0.360784 1.000000 0.000000 0.003500 0.000000 0.007500 -0.141349 -0.077427
0.349020 0.372549 0.360784 1.000000 0.000000 0.003500 0.000000 -0.007500 -0.141349 -0.077427
0.349020 0.372549 0.360784 1.000000 0.000000 0.003500 0.000000 -0.007500 -0.141349 -0.092427
0.349020 0.372549 0.360784 1.000000 0.000000 0.003500 0.000000 0.007500 -0.141349 -0.092427
0.349020 0.372549 0.360784 1.000000 0.000000 0.003500 0.000000 -0.007500 -0.141349 -0.077427
0.349020 0.372549 0.360784 1.000000 0.000000 -0.000363 -0.007460 0.005915 -0.148349 -0.090862
0.349020 0.372549 0.360784 1.000000 0.000000 -0.000363 -0.007460 -0.007500 -0.141349 -0.092427
0.349020 0.372549 0.360784 1.000000 0.000000 -0.000363 -0.007460 -0.005915 -0.148349 -0.090862
0.349020 0.372549 0.360784 1.000000 0.000000 -0.000363 -0.007460 0.007500 -0.141349 -0.092427
0.349020 0.372549 0.360784 1.000000 0.000000 -0.000363 -0.007460 -0.007500 -0.141349 -0.092427
0.349020 0.372549 0.360784 1.000000 0.000000 -0.000363 -0.007460 0.005915 -0.148349 -0.090862
0.349020 0.372549 0.360784 1.000000 -0.007458 -0.000368 0.000000 -0.005915 -0.148349 -0.090862
0.349020 0.372549 0.360784 1.000000 -0.007458 -0.000368 0.000000 -0.007500 -0.141349 -0.092427
0.349020 0.372549 0.360784 1.000000 -0.007458 -0.000368 0.000000 -0.007500 -0.141349 -0.077427
0.349020 0.372549 0.360784 1.000000 -0.007458 -0.000368 0.000000 -0.005915 -0.148349 -0.078992
0.349020 0.372549 0.360784 1.000000 -0.007458 -0.000368 0.000000 -0.005915 -0.148349 -0.090862
0.349020 0.372549 0.360784 1.000000 -0.007458 -0.000368 0.000000 -0.007500 -0.141349 -0.077427
0.349020 0.372549 0.360784 1.000000 0.000000 -0.000363 0.007460 0.005915 -0.148349 -0.078992
0.349020 0.372549 0.360784 1.000000 0.000000 -0.000363 0.007460 -0.005915 -0.148349 -0.078992
0.349020 0.372549 0.360784 1.000000 0.000000 -0.000363 0.007460 -0.007500 -0.141349 -0.077427
0.349020 0.372549 0.360784 1.000000 0.000000 -0.000363 0.007460 0.007500 -0.141349 -0.077427
0.349020 0.372549 0.360784 1.000000 0.000000 -0.000363 0.007460 0.005915 -0.148349 -0.078992
0.349020 0.372549 0.360784 1.000000 0.000000 -0.000363 0.007460 -0.007500 -0.141349 -0.077427
0.349020 0.372549 0.360784 1.000000 0.007458 -0.000368 0.000000 0.005915 -0.148349 -0.078992
0.349020 0.372549 0.360784 1.000000 0.007458 -0.000368 0.000000 0.007500 -0.141349 -0.077427
0.349020 0.372549 0.360784 1.000000 0.007458 -0.000368 0.000000 0.007500 -0.141349 -0.092427
0.349020 0.372549 0.360784 1.000000 0.007458 -0.000368 0.000000 0.005915 -0.148349 -0.090862
0.349020 0.372549 0.360784 1.000000 0.007458 -0.000368 0.000000 0.005915 -0.148349 -0.078992
0.349020 0.372549 0.360784 1.000000 0.007458 -0.000368 0.000000 0.007500 -0.141349 -0.092427
0.349020 0.372549 0.360784 1.000000 0.000000 -0.003500 0.000000 -0.005915 -0.148349 -0.090862
0.349020 0.372549 0.360784 1.000000 0.000000 -0.003500 0.000000 -0.005915 -0.148349 -0.078992
0.349020 0.372549 0.360784 1.000000 0.000000 -0.003500 0.000000 0.005915 -0.148349 -0.078992
0.349020 0.372549 0.360784 1.000000 0.000000 -0.003500 0.000000 0.005915 -0.148349 -0.090862
0.349020 0.372549 0.360784 1.000000 0.000000 -0.003500 0.000000 -0.005915 -0.148349 -0.090862
0.349020 0.372549 0.360784 1.000000 0.000000 -0.003500 0.000000 0.005915 -0.148349 -0.078992
0.898039 0.019608 0.062745 1.000000 0.000000 0.005000 0.000000 0.005000 -0.141349 -0.089927
0.898039 0.019608 0.062745 1.000000 0.000000 0.005000 0.000000 0.005000 -0.141349 -0.079927
0.898039 0.019608 0.062745 1.000000 0.000000 0.005000 0.000000 -0.005000 -0.141349 -0.079927
0.898039 0.019608 0.062745 1.000000 0.000000 0.005000 0.000000 -0.005000 -0.141349 -0.089927
0.898039 0.019608 0.062745 1.000000 0.000000 0.005000 0.000000 0.005000 -0.141349 -0.089927
0.898039 0.019608 0.062745 1.000000 0.000000 0.005000 0.000000 -0.005000 -0.141349 -0.079927
0.898039 0.019608 0.062745 1.000000 0.000000 0.000000 -0.005000 0.005000 -0.141349 -0.089927
0.898039 0.019608 0.062745 1.000000 0.000000 0.000000 -0.005000 -0.005000 -0.141349 -0.089927
0.898039 0.019608 0.062745 1.000000 0.000000 0.000000 -0.005000 -0.005000 -0.151349 -0.089927
0.898039 0.019608 0.062745 1.000000 0.000000 0.000000 -0.005000 0.005000 -0.151349 -0.089927
0.898039 0.019608 0.062745 1.000000 0.000000 0.000000 -0.005000 0.005000 -0.141349 -0.089927
0.898039 0.019608 0.062745 1.000000 0.000000 0.000000 -0.005000 -0.005000 -0.151349 -0.089927
0.898039 0.019608 0.062745 1.000000 -0.005000 0.000000 0.000000 -0.005000 -0.151349 -0.089927
0.898039 0.019608 0.062745 1.000000 -0.005000 0.000000 0.000000 -0.005000 -0.141349 -0.089927
0.898039 0.019608 0.062745 1.000000 -0.005000 0.000000 0.000000 -0.005000 -0.141349 -0.079927
0.898039 0.019608 0.062745 1.000000 -0.005000 0.000000 0.000000 -0.005000 -0.151349 -0.079927
0.898039 0.019608 0.062745 1.000000 -0.005000 0.000000 0.000000 -0.005000 -0.151349 -0.089927
0.898039 0.019608 0.062745 1.000000 -0.005000 0.000000 0.000000 -0.005000 -0.141349 -0.079927
0.898039 0.019608 0.062745 1.000000 0.000000 0.000000 0.005000 0.005000 -0.151349 -0.079927
0.898039 0.019608 0.062745 1.000000 0.000000 0.000000 0.005000 -0.005000 -0.151349 -0.079927
0.898039 0.019608 0.062745 1.000000 0.000000 0.000000 0.005000 -0.005000 -0.141349 -0.079927
0.898039 0.019608 0.062745 1.000000 0.000000 0.000000 0.005000 0.005000 -0.141349 -0.079927
0.898039 0.019608 0.062745 1.000000 0.000000 0.000000 0.005000 0.005000 -0.151349 -0.079927
0.898039 0.019608 0.062745 1.000000 0.000000 0.000000 0.005000 -0.005000 -0.141349 -0.079927
0.898039 0.019608 0.062745 1.000000 0.005000 0.000000 0.000000 0.005000 -0.151349 -0.079927
0.898039 0.019608 0.062745 1.000000 0.005000 0.000000 0.000000 0.005000 -0.141349 -0.079927
0.898039 0.019608 0.062745 1.000000 0.005000 0.000000 0.000000 0.005000 -0.141349 -0.089927
0.898039 0.019608 0.062745 1.000000 0.005000 0.000000 0.000000 0.005000 -0.151349 -0.089927
0.898039 0.019608 0.062745 1.000000 0.005000 0.000000 0.000000 0.005000 -0.151349 -0.079927
0.898039 0.019608 0.062745 1.000000 0.005000 0.000000 0.000000 0.005000 -0.141349 -0.089927
0.898039 0.019608 0.062745 1.000000 0.000000 -0.005000 0.000000 -0.005000 -0.151349 -0.089927
0.898039 0.019608 0.062745 1.000000 0.000000 -0.005000 0.000000 -0.005000 -0.151349 -0.079927
0.898039 0.019608 0.062745 1.000000 0.000000 -0.005000 0.000000 0.005000 -0.151349 -0.079927
0.898039 0.019608 0.062745 1.000000 0.000000 -0.005000 0.000000 0.005000 -0.151349 -0.089927
0.898039 0.019608 0.062745 1.000000 0.000000 -0.005000 0.000000 -0.005000 -0.151349 -0.089927
0.898039 0.019608 0.062745 1.000000 0.000000 -0.005000 0.000000 0.005000 -0.151349 -0.079927
0.349020 0.372549 0.360784 1.000000 -0.003917 0.000694 0.000420 -0.004000 -0.030200 -0.081966
0.349020 0.372549 0.360784 1.000000 -0.004000 0.000000 0.000000 -0.004000 -0.027610 -0.086243
0.349020 0.372549 0.360784 1.000000 -0.003052 0.002212 0.001339 -0.002828 -0.025191 -0.084778
0.349020 0.372549 0.360784 1.000000 -0.003189 0.002066 0.001251 -0.002828 -0.027780 -0.080501
0.349020 0.372549 0.360784 1.000000 -0.003917 0.000694 0.000420 -0.004000 -0.030200 -0.081966
0.349020 0.372549 0.360784 1.000000 -0.003052 0.002212 0.001339 -0.002828 -0.025191 -0.084778
0.349020 0.372549 0.360784 1.000000 -0.000811 0.003351 0.002028 0.000000 -0.026778 -0.079894
0.349020 0.372549 0.360784 1.000000 -0.002415 0.002728 0.001651 -0.002828 -0.027780 -0.080501
0.349020 0.372549 0.360784 1.000000 -0.002585 0.002611 0.001581 -0.002828 -0.025191 -0.084778
0.349020 0.372549 0.360784 1.000000 0.000000 0.003422 0.002071 0.000000 -0.024188 -0.084172
0.349020 0.372549 0.360784 1.000000 -0.000811 0.003351 0.002028 0.000000 -0.026778 -0.079894
0.349020 0.372549 0.360784 1.000000 -0.002585 0.002611 0.001581 -0.002828 -0.025191 -0.084778
0.349020 0.372549 0.360784 1.000000 0.002585 0.002611 0.001581 0.002828 -0.027780 -0.080501
0.349020 0.372549 0.360784 1.000000 0.000000 0.003422 0.002071 0.000000 -0.026778 -0.079894
0.349020 0.372549 0.360784 1.000000 0.000811 0.003351 0.002028 0.000000 -0.024188 -0.084172
0.349020 0.372549 0.360784 1.000000 0.002415 0.002728 0.001651 0.002828 -0.025191 -0.084778
0.349020 0.372549 0.360784 1.000000 0.002585 0.002611 0.001581 0.002828 -0.027780 -0.080501
0.349020 0.372549 0.360784 1.000000 0.000811 0.003351 0.002028 0.000000 -0.024188 -0.084172
0.349020 0.372549 0.360784 1.000000 0.003052 0.002212 0.001339 0.002828 -0.027780 -0.080501
0.349020 0.372549 0.360784 1.000000 0.003189 0.002066 0.001251 0.002828 -0.025191 -0.084778
0.349020 0.372549 0.360784 1.000000 0.003917 0.000694 0.000420 0.004000 -0.027610 -0.086243
0.349020 0.372549 0.360784 1.000000 0.004000 0.000000 0.000000 0.004000 -0.030200 -0.081966
0.349020 0.372549 0.360784 1.000000 0.003052 0.002212 0.001339 0.002828 -0.027780 -0.080501
0.349020 0.372549 0.360784 1.000000 0.003917 0.000694 0.000420 0.004000 -0.027610 -0.086243
0.349020 0.372549 0.360784 1.000000 0.003917 -0.000694 -0.000420 0.004000 -0.030200 -0.081966
0.349020 0.372549 0.360784 1.000000 0.004000 0.000000 0.000000 0.004000 -0.027610 -0.086243
0.349020 0.372549 0.360784 1.000000 0.003052 -0.002212 -0.001339 0.002828 -0.030030 -0.087708
0.349020 0.372549 0.360784 1.000000 0.003189 -0.002066 -0.001251 0.002828 -0.032619 -0.083430
0.349020 0.372549 0.360784 1.000000 0.003917 -0.000694 -0.000420 0.004000 -0.030200 -0.081966
0.349020 0.372549 0.360784 1.000000 0.003052 -0.002212 -0.001339 0.002828 -0.030030 -0.087708
0.349020 0.372549 0.360784 1.000000 0.002585 -0.002611 -0.001581 0.002828 -0.030030 -0.087708
0.349020 0.372549 0.360784 1.000000 0.000000 -0.003422 -0.002071 0.000000 -0.031032 -0.088314
0.349020 0.372549 0.360784 1.000000 0.000811 -0.003351 -0.002028 0.000000 -0.033621 -0.084037
0.349020 0.372549 0.360784 1.000000 0.002415 -0.002728 -0.001651 0.002828 -0.032619 -0.083430
0.349020 0.372549 0.360784 1.000000 0.002585 -0.002611 -0.001581 0.002828 -0.030030 -0.087708
0.349020 0.372549 0.360784 1.000000 0.000811 -0.003351 -0.002028 0.000000 -0.033621 -0.084037
0.349020 0.372549 0.360784 1.000000 -0.000811 -0.003351 -0.002028 0.000000 -0.031032 -0.088314
0.349020 0.372549 0.360784 1.000000 -0.002415 -0.002728 -0.001651 -0.002828 -0.030030 -0.087708
0.349020 0.372549 0.360784 1.000000 -0.002585 -0.002611 -0.001581 -0.002828 -0.032619 -0.083430
0.349020 0.372549 0.360784 1.000000 0.000000 -0.003422 -0.002071 0.000000 -0.033621 -0.084037
0.349020 0.372549 0.360784 1.000000 -0.000811 -0.003351 -0.002028 0.000000 -0.031032 -0.088314
0.349020 0.372549 0.360784 1.000000 -0.002585 -0.002611 -0.001581 -0.002828 -0.032619 -0.083430
0.349020 0.372549 0.360784 1.000000 -0.003052 -0.002212 -0.001339 -0.002828 -0.032619 -0.083430
0.349020 0.372549 0.360784 1.000000 -0.003189 -0.002066 -0.001251 -0.002828 -0.030030 -0.087708
0.349020 0.372549 0.360784 1.000000 -0.003917 -0.000694 -0.000420 -0.004000 -0.027610 -0.086243
0.349020 0.372549 0.360784 1.000000 -0.004000 0.000000 0.000000 -0.004000 -0.030200 -0.081966
0.349020 0.372549 0.360784 1.000000 -0.003052 -0.002212 -0.001339 -0.002828 -0.032619 -0.083430
0.349020 0.372549 0.360784 1.000000 -0.003917 -0.000694 -0.000420 -0.004000 -0.027610 -0.086243
0.349020 0.372549 0.360784 1.000000 0.000000 0.001295 -0.002139 -0.002828 -0.025191 -0.084778
0.349020 0.372549 0.360784 1.000000 0.000000 0.001295 -0.002139 0.002828 -0.025191 -0.084778
0.349020 0.372549 0.360784 1.000000 0.000000 0.001295 -0.002139 0.000000 -0.024188 -0.084172
0.349020 0.372549 0.360784 1.000000 0.000000 0.001295 -0.002139 -0.004000 -0.027610 -0.086243
0.349020 0.372549 0.360784 1.000000 0.000000 0.001295 -0.002139 0.002828 -0.025191 -0.084778
0.349020 0.372549 0.360784 1.000000 0.000000 0.001295 -0.002139 -0.002828 -0.025191 -0.084778
0.349020 0.372549 0.360784 1.000000 0.000000 0.001295 -0.002139 0.004000 -0.027610 -0.086243
0.349020 0.372549 0.360784 1.000000 0.000000 0.001295 -0.002139 0.002828 -0.025191 -0.084778
0.349020 0.372549 0.360784 1.000000 0.000000 0.001295 -0.002139 -0.004000 -0.027610 -0.086243
0.349020 0.372549 0.360784 1.000000 0.000000 0.001295 -0.002139 0.002828 -0.030030 -0.087708
0.349020 0.372549 0.360784 1.000000 0.000000 0.001295 -0.002139 0.004000 -0.027610 -0.086243
0.349020 0.372549 0.360784 1.000000 0.000000 0.001295 -0.002139 -0.004000 -0.027610 -0.086243
0.349020 0.372549 0.360784 1.000000 0.000000 0.001295 -0.002139 -0.002828 -0.030030 -0.087708
0.349020 0.372549 0.360784 1.000000 0.000000 0.001295 -0.002139 0.002828 -0.030030 -0.087708
0.349020 0.372549 0.360784 1.000000 0.000000 0.001295 -0.002139 -0.004000 -0.027610 -0.086243
0.349020 0.372549 0.360784 1.000000 0.000000 0.001295 -0.002139 0.000000 -0.031032 -0.088314
0.349020 0.372549 0.360784 1.000000 0.000000 0.001295 -0.002139 0.002828 -0.030030 -0.087708
0.349020 0.372549 0.360784 1.000000 0.000000 0.001295 -0.002139 -0.002828 -0.030030 -0.087708
0.349020 0.372549 0.360784 1.000000 -0.007344 0.001301 0.000788 -0.007500 -0.032271 -0.078544
0.349020 0.372549 0.360784 1.000000 -0.007500 0.000000 0.000000 -0.007500 -0.029682 -0.082821
0.349020 0.372549 0.360784 1.000000 -0.005723 0.004147 0.002510 -0.005303 -0.025145 -0.080075
0.349020 0.372549 0.360784 1.000000 -0.005979 0.003874 0.002345 -0.005303 -0.027734 -0.075798
0.349020 0.372549 0.360784 1.000000 -0.007344 0.001301 0.000788 -0.007500 -0.032271 -0.078544
0.349020 0.372549 0.360784 1.000000 -0.005723 0.004147 0.002510 -0.005303 -0.025145 -0.080075
0.349020 0.372549 0.360784 1.000000 -0.001521 0.006283 0.003803 0.000000 -0.025855 -0.074660
0.349020 0.372549 0.360784 1.000000 -0.004528 0.005115 0.003096 -0.005303 -0.027734 -0.075798
0.349020 0.372549 0.360784 1.000000 -0.004847 0.004896 0.002964 -0.005303 -0.025145 -0.080075
0.349020 0.372549 0.360784 1.000000 0.000000 0.006416 0.003884 0.000000 -0.023266 -0.078937
0.349020 0.372549 0.360784 1.000000 -0.001521 0.006283 0.003803 0.000000 -0.025855 -0.074660
0.349020 0.372549 0.360784 1.000000 -0.004847 0.004896 0.002964 -0.005303 -0.025145 -0.080075
0.349020 0.372549 0.360784 1.000000 0.004847 0.004896 0.002964 0.005303 -0.027734 -0.075798
0.349020 0.372549 0.360784 1.000000 0.000000 0.006416 0.003884 0.000000 -0.025855 -0.074660
0.349020 0.372549 0.360784 1.000000 0.001521 0.006283 0.003803 0.000000 -0.023266 -0.078937
0.349020 0.372549 0.360784 1.000000 0.004528 0.005115 0.003096 0.005303 -0.025145 -0.080075
0.349020 0.372549 0.360784 1.000000 0.004847 0.004896 0.002964 0.005303 -0.027734 -0.075798
0.349020 0.372549 0.360784 1.000000 0.001521 0.006283 0.003803 0.000000 -0.023266 -0.078937
0.349020 0.372549 0.360784 1.000000 0.005723 0.004147 0.002510 0.005303 -0.027734 -0.075798
0.349020 0.372549 0.360784 1.000000 0.005979 0.003874 0.002345 0.005303 -0.025145 -0.080075
0.349020 0.372549 0.360784 1.000000 0.007344 0.001301 0.000788 0.007500 -0.029682 -0.082821
0.349020 0.372549 0.360784 1.000000 0.007500 0.000000 0.000000 0.007500 -0.032271 -0.078544
0.349020 0.372549 0.360784 1.000000 0.005723 0.004147 0.002510 0.005303 -0.027734 -0.075798
0.349020 0.372549 0.360784 1.000000 0.007344 0.001301 0.000788 0.007500 -0.029682 -0.082821
0.349020 0.372549 0.360784 1.000000 0.007344 -0.001301 -0.000788 0.007500 -0.032271 -0.078544
0.349020 0.372549 0.360784 1.000000 0.007500 0.000000 0.000000 0.007500 -0.029682 -0.082821
0.349020 0.372549 0.360784 1.000000 0.005723 -0.004147 -0.002510 0.005303 -0.034219 -0.085567
0.349020 0.372549 0.360784 1.000000 0.005979 -0.003874 -0.002345 0.005303 -0.036808 -0.081290
0.349020 0.372549 0.360784 1.000000 0.007344 -0.001301 -0.000788 0.007500 -0.032271 -0.078544
0.349020 0.372549 0.360784 1.000000 0.005723 -0.004147 -0.002510 0.005303 -0.034219 -0.085567
0.349020 0.372549 0.360784 1.000000 0.004847 -0.004896 -0.002964 0.005303 -0.034219 -0.085567
0.349020 0.372549 0.360784 1.000000 0.000000 -0.006416 -0.003884 0.000000 -0.036098 -0.086705
0.349020 0.372549 0.360784 1.000000 0.001521 -0.006283 -0.003803 0.000000 -0.038687 -0.082428
0.349020 0.372549 0.360784 1.000000 0.004528 -0.005115 -0.003096 0.005303 -0.036808 -0.081290
0.349020 0.372549 0.360784 1.000000 0.004847 -0.004896 -0.002964 0.005303 -0.034219 -0.085567
0.349020 0.372549 0.360784 1.000000 0.001521 -0.006283 -0.003803 0.000000 -0.038687 -0.082428
0.349020 0.372549 0.360784 1.000000 -0.001521 -0.006283 -0.003803 0.000000 -0.036098 -0.086705
0.349020 0.372549 0.360784 1.000000 -0.004528 -0.005115 -0.003096 -0.005303 -0.034219 -0.085567
0.349020 0.372549 0.360784 1.000000 -0.004847 -0.004896 -0.002964 -0.005303 -0.036808 -0.081290
0.349020 0.372549 0.360784 1.000000 0.000000 -0.006416 -0.003884 0.000000 -0.038687 -0.082428
0.349020 0.372549 0.360784 1.000000 -0.001521 -0.006283 -0.003803 0.000000 -0.036098 -0.086705
0.349020 0.372549 0.360784 1.000000 -0.004847 -0.004896 -0.002964 -0.005303 -0.036808 -0.081290
0.349020 0.372549 0.360784 1.000000 -0.005723 -0.004147 -0.002510 -0.005303 -0.036808 -0.081290
0.349020 0.372549 0.360784 1.000000 -0.005979 -0.003874 -0.002345 -0.005303 -0.034219 -0.085567
0.349020 0.372549 0.360784 1.000000 -0.007344 -0.001301 -0.000788 -0.007500 -0.029682 -0.082821
0.349020 0.372549 0.360784 1.000000 -0.007500 0.000000 0.000000 -0.007500 -0.032271 -0.078544
0.349020 0.372549 0.360784 1.000000 -0.005723 -0.004147 -0.002510 -0.005303 -0.036808 -0.081290
0.349020 0.372549 0.360784 1.000000 -0.007344 -0.001301 -0.000788 -0.007500 -0.029682 -0.082821
0.349020 0.372549 0.360784 1.000000 0.000000 0.001295 -0.002139 -0.005303 -0.025145 -0.080075
0.349020 0.372549 0.360784 1.000000 0.000000 0.001295 -0.002139 0.005303 -0.025145 -0.080075
0.349020 0.372549 0.360784 1.000000 0.000000 0.001295 -0.002139 0.000000 -0.023266 -0.078937
0.349020 0.372549 0.360784 1.000000 0.000000 0.001295 -0.002139 -0.007500 -0.029682 -0.082821
0.349020 0.372549 0.360784 1.000000 0.000000 0.001295 -0.002139 0.005303 -0.025145 -0.080075
0.349020 0.372549 0.360784 1.000000 0.000000 0.001295 -0.002139 -0.005303 -0.025145 -0.080075
0.349020 0.372549 0.360784 1.000000 0.000000 0.001295 -0.002139 0.007500 -0.029682 -0.082821
0.349020 0.372549 0.360784 1.000000 0.000000 0.001295 -0.002139 0.005303 -0.025145 -0.080075
0.349020 0.372549 0.360784 1.000000 0.000000 0.001295 -0.002139 -0.007500 -0.029682 -0.082821
0.349020 0.372549 0.360784 1.000000 0.000000 0.001295 -0.002139 0.005303 -0.034219 -0.085567
0.349020 0.372549 0.360784 1.000000 0.000000 0.001295 -0.002139 0.007500 -0.029682 -0.082821
0.349020 0.372549 0.360784 1.000000 0.000000 0.001295 -0.002139 -0.007500 -0.029682 -0.082821
0.349020 0.372549 0.360784 1.000000 0.000000 0.001295 -0.002139 -0.005303 -0.034219 -0.085567
0.349020 0.372549 0.360784 1.000000 0.000000 0.001295 -0.002139 0.005303 -0.034219 -0.085567
0.349020 0.372549 0.360784 1.000000 0.000000 0.001295 -0.002139 -0.007500 -0.029682 -0.082821
0.349020 0.372549 0.360784 1.000000 0.000000 0.001295 -0.002139 0.000000 -0.036098 -0.086705
0.349020 0.372549 0.360784 1.000000 0.000000 0.001295 -0.002139 0.005303 -0.034219 -0.085567
0.349020 0.372549 0.360784 1.000000 0.000000 0.001295 -0.002139 -0.005303 -0.034219 -0.085567
0.349020 0.372549 0.360784 1.000000 -0.007344 0.001083 0.001068 -0.007500 -0.014270 -0.064790
0.349020 0.372549 0.360784 1.000000 -0.007500 0.000000 0.000000 -0.007500 -0.010759 -0.068351
0.349020 0.372549 0.360784 1.000000 -0.005723 0.003451 0.003404 -0.005303 -0.006983 -0.064627
0.349020 0.372549 0.360784 1.000000 -0.005979 0.003224 0.003179 -0.005303 -0.010494 -0.061067
0.349020 0.372549 0.360784 1.000000 -0.007344 0.001083 0.001068 -0.007500 -0.014270 -0.064790
0.349020 0.372549 0.360784 1.000000 -0.005723 0.003451 0.003404 -0.005303 -0.006983 -0.064627
0.349020 0.372549 0.360784 1.000000 -0.001521 0.005229 0.005157 0.000000 -0.008930 -0.059524
0.349020 0.372549 0.360784 1.000000 -0.004528 0.004257 0.004198 -0.005303 -0.010494 -0.061067
0.349020 0.372549 0.360784 1.000000 -0.004847 0.004075 0.004018 -0.005303 -0.006983 -0.064627
0.349020 0.372549 0.360784 1.000000 0.000000 0.005340 0.005266 0.000000 -0.005419 -0.063085
0.349020 0.372549 0.360784 1.000000 -0.001521 0.005229 0.005157 0.000000 -0.008930 -0.059524
0.349020 0.372549 0.360784 1.000000 -0.004847 0.004075 0.004018 -0.005303 -0.006983 -0.064627
0.349020 0.372549 0.360784 1.000000 0.004847 0.004075 0.004018 0.005303 -0.010494 -0.061067
0.349020 0.372549 0.360784 1.000000 0.000000 0.005340 0.005266 0.000000 -0.008930 -0.059524
0.349020 0.372549 0.360784 1.000000 0.001521 0.005229 0.005157 0.000000 -0.005419 -0.063085
0.349020 0.372549 0.360784 1.000000 0.004528 0.004257 0.004198 0.005303 -0.006983 -0.064627
0.349020 0.372549 0.360784 1.000000 0.004847 0.004075 0.004018 0.005303 -0.010494 -0.061067
0.349020 0.372549 0.360784 1.000000 0.001521 0.005229 0.005157 0.000000 -0.005419 -0.063085
0.349020 0.372549 0.360784 1.000000 0.005723 0.003451 0.003404 0.005303 -0.010494 -0.061067
0.349020 0.372549 0.360784 1.000000 0.005979 0.003224 0.003179 0.005303 -0.006983 -0.064627
0.349020 0.372549 0.360784 1.000000 0.007344 0.001083 0.001068 0.007500 -0.010759 -0.068351
0.349020 0.372549 0.360784 1.000000 0.007500 0.000000 0.000000 0.007500 -0.014270 -0.064790
0.349020 0.372549 0.360784 1.000000 0.005723 0.003451 0.003404 0.005303 -0.010494 -0.061067
0.349020 0.372549 0.360784 1.000000 0.007344 0.001083 0.001068 0.007500 -0.010759 -0.068351
0.349020 0.372549 0.360784 1.000000 0.007344 -0.001083 -0.001068 0.007500 -0.014270 -0.064790
0.349020 0.372549 0.360784 1.000000 0.007500 0.000000 0.000000 0.007500 -0.010759 -0.068351
0.349020 0.372549 0.360784 1.000000 0.005723 -0.003451 -0.003404 0.005303 -0.014535 -0.072074
0.349020 0.372549 0.360784 1.000000 0.005979 -0.003224 -0.003179 0.005303 -0.018046 -0.068514
0.349020 0.372549 0.360784 1.000000 0.007344 -0.001083 -0.001068 0.007500 -0.014270 -0.064790
0.349020 0.372549 0.360784 1.000000 0.005723 -0.003451 -0.003404 0.005303 -0.014535 -0.072074
0.349020 0.372549 0.360784 1.000000 0.004847 -0.004075 -0.004018 0.005303 -0.014535 -0.072074
0.349020 0.372549 0.360784 1.000000 0.000000 -0.005340 -0.005266 0.000000 -0.016099 -0.073617
0.349020 0.372549 0.360784 1.000000 0.001521 -0.005229 -0.005157 0.000000 -0.019610 -0.070057
0.349020 0.372549 0.360784 1.000000 0.004528 -0.004257 -0.004198 0.005303 -0.018046 -0.068514
0.349020 0.372549 0.360784 1.000000 0.004847 -0.004075 -0.004018 0.005303 -0.014535 -0.072074
0.349020 0.372549 0.360784 1.000000 0.001521 -0.005229 -0.005157 0.000000 -0.019610 -0.070057
0.349020 0.372549 0.360784 1.000000 -0.001521 -0.005229 -0.005157 0.000000 -0.016099 -0.073617
0.349020 0.372549 0.360784 1.000000 -0.004528 -0.004257 -0.004198 -0.005303 -0.014535 -0.072074
0.349020 0.372549 0.360784 1.000000 -0.004847 -0.004075 -0.004018 -0.005303 -0.018046 -0.068514
0.349020 0.372549 0.360784 1.000000 0.000000 -0.005340 -0.005266 0.000000 -0.019610 -0.070057
0.349020 0.372549 0.360784 1.000000 -0.001521 -0.005229 -0.005157 0.000000 -0.016099 -0.073617
0.349020 0.372549 0.360784 1.000000 -0.004847 -0.004075 -0.004018 -0.005303 -0.018046 -0.068514
0.349020 0.372549 0.360784 1.000000 -0.005723 -0.003451 -0.003404 -0.005303 -0.018046 -0.068514
0.349020 0.372549 0.360784 1.000000 -0.005979 -0.003224 -0.003179 -0.005303 -0.014535 -0.072074
0.349020 0.372549 0.360784 1.000000 -0.007344 -0.001083 -0.001068 -0.007500 -0.010759 -0.068351
0.349020 0.372549 0.360784 1.000000 -0.007500 0.000000 0.000000 -0.007500 -0.014270 -0.064790
0.349020 0.372549 0.360784 1.000000 -0.005723 -0.003451 -0.003404 -0.005303 -0.018046 -0.068514
0.349020 0.372549 0.360784 1.000000 -0.007344 -0.001083 -0.001068 -0.007500 -0.010759 -0.068351
0.349020 0.372549 0.360784 1.000000 0.000000 0.001755 -0.001780 -0.005303 -0.006983 -0.064627
0.349020 0.372549 0.360784 1.000000 0.000000 0.001755 -0.001780 0.005303 -0.006983 -0.064627
0.349020 0.372549 0.360784 1.000000 0.000000 0.001755 -0.001780 0.000000 -0.005419 -0.063085
0.349020 0.372549 0.360784 1.000000 0.000000 0.001755 -0.001780 -0.007500 -0.010759 -0.068351
0.349020 0.372549 0.360784 1.000000 0.000000 0.001755 -0.001780 0.005303 -0.006983 -0.064627
0.349020 0.372549 0.360784 1.000000 0.000000 0.001755 -0.001780 -0.005303 -0.006983 -0.064627
0.349020 0.372549 0.360784 1.000000 0.000000 0.001755 -0.001780 0.007500 -0.010759 -0.068351
0.349020 0.372549 0.360784 1.000000 0.000000 0.001755 -0.001780 0.005303 -0.006983 -0.064627
0.349020 0.372549 0.360784 1.000000 0.000000 0.001755 -0.001780 -0.007500 -0.010759 -0.068351
0.349020 0.372549 0.360784 1.000000 0.000000 0.001755 -0.001780 0.005303 -0.014535 -0.072074
0.349020 0.372549 0.360784 1.000000 0.000000 0.001755 -0.001780 0.007500 -0.010759 -0.068351
0.349020 0.372549 0.360784 1.000000 0.000000 0.001755 -0.001780 -0.007500 -0.010759 -0.068351
0.349020 0.372549 0.360784 1.000000 0.000000 0.001755 -0.001780 -0.005303 -0.014535 -0.072074
0.349020 0.372549 0.360784 1.000000 0.000000 0.001755 -0.001780 0.005303 -0.014535 -0.072074
0.349020 0.372549 0.360784 1.000000 0.000000 0.001755 -0.001780 -0.007500 -0.010759 -0.068351
0.349020 0.372549 0.360784 1.000000 0.000000 0.001755 -0.001780 0.000000 -0.016099 -0.073617
0.349020 0.372549 0.360784 1.000000 0.000000 0.001755 -0.001780 0.005303 -0.014535 -0.072074
0.349020 0.372549 0.360784 1.000000 0.000000 0.001755 -0.001780 -0.005303 -0.014535 -0.072074
0.898039 0.019608 0.062745 1.000000 -0.003917 0.000578 0.000570 -0.004000 -0.011461 -0.067639
0.898039 0.019608 0.062745 1.000000 -0.004000 0.000000 0.000000 -0.004000 -0.007950 -0.071199
0.898039 0.019608 0.062745 1.000000 -0.003052 0.001841 0.001815 -0.002828 -0.005936 -0.069213
0.898039 0.019608 0.062745 1.000000 -0.003189 0.001720 0.001696 -0.002828 -0.009447 -0.065653
0.898039 0.019608 0.062745 1.000000 -0.003917 0.000578 0.000570 -0.004000 -0.011461 -0.067639
0.898039 0.019608 0.062745 1.000000 -0.003052 0.001841 0.001815 -0.002828 -0.005936 -0.069213
0.898039 0.019608 0.062745 1.000000 -0.000811 0.002789 0.002750 0.000000 -0.008613 -0.064830
0.898039 0.019608 0.062745 1.000000 -0.002415 0.002270 0.002239 -0.002828 -0.009447 -0.065653
0.898039 0.019608 0.062745 1.000000 -0.002585 0.002173 0.002143 -0.002828 -0.005936 -0.069213
0.898039 0.019608 0.062745 1.000000 0.000000 0.002848 0.002809 0.000000 -0.005102 -0.068390
0.898039 0.019608 0.062745 1.000000 -0.000811 0.002789 0.002750 0.000000 -0.008613 -0.064830
0.898039 0.019608 0.062745 1.000000 -0.002585 0.002173 0.002143 -0.002828 -0.005936 -0.069213
0.898039 0.019608 0.062745 1.000000 0.002585 0.002173 0.002143 0.002828 -0.009447 -0.065653
0.898039 0.019608 0.062745 1.000000 0.000000 0.002848 0.002809 0.000000 -0.008613 -0.064830
0.898039 0.019608 0.062745 1.000000 0.000811 0.002789 0.002750 0.000000 -0.005102 -0.068390
0.898039 0.019608 0.062745 1.000000 0.002415 0.002270 0.002239 0.002828 -0.005936 -0.069213
0.898039 0.019608 0.062745 1.000000 0.002585 0.002173 0.002143 0.002828 -0.009447 -0.065653
0.898039 0.019608 0.062745 1.000000 0.000811 0.002789 0.002750 0.000000 -0.005102 -0.068390
0.898039 0.019608 0.062745 1.000000 0.003052 0.001841 0.001815 0.002828 -0.009447 -0.065653
0.898039 0.019608 0.062745 1.000000 0.003189 0.001720 0.001696 0.002828 -0.005936 -0.069213
0.898039 0.019608 0.062745 1.000000 0.003917 0.000578 0.000570 0.004000 -0.007950 -0.071199
0.898039 0.019608 0.062745 1.000000 0.004000 0.000000 0.000000 0.004000 -0.011461 -0.067639
0.898039 0.019608 0.062745 1.000000 0.003052 0.001841 0.001815 0.002828 -0.009447 -0.065653
0.898039 0.019608 0.062745 1.000000 0.003917 0.000578 0.000570 0.004000 -0.007950 -0.071199
0.898039 0.019608 0.062745 1.000000 0.003917 -0.000578 -0.000570 0.004000 -0.011461 -0.067639
0.898039 0.019608 0.062745 1.000000 0.004000 0.000000 0.000000 0.004000 -0.007950 -0.071199
0.898039 0.019608 0.062745 1.000000 0.003052 -0.001841 -0.001815 0.002828 -0.009964 -0.073185
0.898039 0.019608 0.062745 1.000000 0.003189 -0.001720 -0.001696 0.002828 -0.013475 -0.069625
0.898039 0.019608 0.062745 1.000000 0.003917 -0.000578 -0.000570 0.004000 -0.011461 -0.067639
0.898039 0.019608 0.062745 1.000000 0.003052 -0.001841 -0.001815 0.002828 -0.009964 -0.073185
0.898039 0.019608 0.062745 1.000000 0.002585 -0.002173 -0.002143 0.002828 -0.009964 -0.073185
0.898039 0.019608 0.062745 1.000000 0.000000 -0.002848 -0.002809 0.000000 -0.010799 -0.074007
0.898039 0.019608 0.062745 1.000000 0.000811 -0.002789 -0.002750 0.000000 -0.014309 -0.070447
0.898039 0.019608 0.062745 1.000000 0.002415 -0.002270 -0.002239 0.002828 -0.013475 -0.069625
0.898039 0.019608 0.062745 1.000000 0.002585 -0.002173 -0.002143 0.002828 -0.009964 -0.073185
0.898039 0.019608 0.062745 1.000000 0.000811 -0.002789 -0.002750 0.000000 -0.014309 -0.070447
0.898039 0.019608 0.062745 1.000000 -0.000811 -0.002789 -0.002750 0.000000 -0.010799 -0.074007
0.898039 0.019608 0.062745 1.000000 -0.002415 -0.002270 -0.002239 -0.002828 -0.009964 -0.073185
0.898039 0.019608 0.062745 1.000000 -0.002585 -0.002173 -0.002143 -0.002828 -0.013475 -0.069625
0.898039 0.019608 0.062745 1.000000 0.000000 -0.002848 -0.002809 0.000000 -0.014309 -0.070447
0.898039 0.019608 0.062745 1.000000 -0.000811 -0.002789 -0.002750 0.000000 -0.010799 -0.074007
0.898039 0.019608 0.062745 1.000000 -0.002585 -0.002173 -0.002143 -0.002828 -0.013475 -0.069625
0.898039 0.019608 0.062745 1.000000 -0.003052 -0.001841 -0.001815 -0.002828 -0.013475 -0.069625
0.898039 0.019608 0.062745 1.000000 -0.003189 -0.001720 -0.001696 -0.002828 -0.009964 -0.073185
0.898039 0.019608 0.062745 1.000000 -0.003917 -0.000578 -0.000570 -0.004000 -0.007950 -0.071199
0.898039 0.019608 0.062745 1.000000 -0.004000 0.000000 0.000000 -0.004000 -0.011461 -0.067639
0.898039 0.019608 0.062745 1.000000 -0.003052 -0.001841 -0.001815 -0.002828 -0.013475 -0.069625
0.898039 0.019608 0.062745 1.000000 -0.003917 -0.000578 -0.000570 -0.004000 -0.007950 -0.071199
0.898039 0.019608 0.062745 1.000000 0.000000 0.001755 -0.001780 -0.002828 -0.005936 -0.069213
0.898039 0.019608 0.062745 1.000000 0.000000 0.001755 -0.001780 0.002828 -0.005936 -0.069213
0.898039 0.019608 0.062745 1.000000 0.000000 0.001755 -0.001780 0.000000 -0.005102 -0.068390
0.898039 0.019608 0.062745 1.000000 0.000000 0.001755 -0.001780 -0.004000 -0.007950 -0.071199
0.898039 0.019608 0.062745 1.000000 0.000000 0.001755 -0.001780 0.002828 -0.005936 -0.069213
0.898039 0.019608 0.062745 1.000000 0.000000 0.001755 -0.001780 -0.002828 -0.005936 -0.069213
0.898039 0.019608 0.062745 1.000000 0.000000 0.001755 -0.001780 0.004000 -0.007950 -0.071199
0.898039 0.019608 0.062745 1.000000 0.000000 0.001755 -0.001780 0.002828 -0.005936 -0.069213
0.898039 0.019608 0.062745 1.000000 0.000000 0.001755 -0.001780 -0.004000 -0.007950 -0.071199
0.898039 0.019608 0.062745 1.000000 0.000000 0.001755 -0.001780 0.002828 -0.009964 -0.073185
0.898039 0.019608 0.062745 1.000000 0.000000 0.001755 -0.001780 0.004000 -0.007950 -0.071199
0.898039 0.019608 0.062745 1.000000 0.000000 0.001755 -0.001780 -0.004000 -0.007950 -0.071199
0.898039 0.019608 0.062745 1.000000 0.000000 0.001755 -0.001780 -0.002828 -0.009964 -0.073185
0.898039 0.019608 0.062745 1.000000 0.000000 0.001755 -0.001780 0.002828 -0.009964 -0.073185
0.898039 0.019608 0.062745 1.000000 0.000000 0.001755 -0.001780 -0.004000 -0.007950 -0.071199
0.898039 0.019608 0.062745 1.000000 0.000000 0.001755 -0.001780 0.000000 -0.010799 -0.074007
0.898039 0.019608 0.062745 1.000000 0.000000 0.001755 -0.001780 0.002828 -0.009964 -0.073185
0.898039 0.019608 0.062745 1.000000 0.000000 0.001755 -0.001780 -0.002828 -0.009964 -0.073185
0.349020 0.372549 0.360784 1.000000 -0.014688 0.000000 0.003042 -0.015000 -0.141349 -0.084927
0.349020 0.372549 0.360784 1.000000 -0.015000 0.000000 0.000000 -0.015000 -0.126349 -0.084927
0.349020 0.372549 0.360784 1.000000 -0.011446 0.000000 0.009695 -0.010607 -0.126349 -0.074320
0.349020 0.372549 0.360784 1.000000 -0.011958 0.000000 0.009056 -0.010607 -0.141349 -0.074320
0.349020 0.372549 0.360784 1.000000 -0.014688 0.000000 0.003042 -0.015000 -0.141349 -0.084927
0.349020 0.372549 0.360784 1.000000 -0.011446 0.000000 0.009695 -0.010607 -0.126349 -0.074320
0.349020 0.372549 0.360784 1.000000 -0.003042 0.000000 0.014688 0.000000 -0.141349 -0.069927
0.349020 0.372549 0.360784 1.000000 -0.009056 0.000000 0.011958 -0.010607 -0.141349 -0.074320
0.349020 0.372549 0.360784 1.000000 -0.009695 0.000000 0.011446 -0.010607 -0.126349 -0.074320
0.349020 0.372549 0.360784 1.000000 0.000000 0.000000 0.015000 0.000000 -0.126349 -0.069927
0.349020 0.372549 0.360784 1.000000 -0.003042 0.000000 0.014688 0.000000 -0.141349 -0.069927
0.349020 0.372549 0.360784 1.000000 -0.009695 0.000000 0.011446 -0.010607 -0.126349 -0.074320
0.349020 0.372549 0.360784 1.000000 0.009695 0.000000 0.011446 0.010607 -0.141349 -0.074320
0.349020 0.372549 0.360784 1.000000 0.000000 0.000000 0.015000 0.000000 -0.141349 -0.069927
0.349020 0.372549 0.360784 1.000000 0.003042 0.000000 0.014688 0.000000 -0.126349 -0.069927
0.349020 0.372549 0.360784 1.000000 0.009056 0.000000 0.011958 0.010607 -0.126349 -0.074320
0.349020 0.372549 0.360784 1.000000 0.009695 0.000000 0.011446 0.010607 -0.141349 -0.074320
0.349020 0.372549 0.360784 1.000000 0.003042 0.000000 0.014688 0.000000 -0.126349 -0.069927
0.349020 0.372549 0.360784 1.000000 0.011446 0.000000 0.009695 0.010607 -0.141349 -0.074320
0.349020 0.372549 0.360784 1.000000 0.011958 0.000000 0.009056 0.010607 -0.126349 -0.074320
0.349020 0.372549 0.360784 1.000000 0.014688 0.000000 0.003042 0.015000 -0.126349 -0.084927
0.349020 0.372549 0.360784 1.000000 0.015000 0.000000 0.000000 0.015000 -0.141349 -0.084927
0.349020 0.372549 0.360784 1.000000 0.011446 0.000000 0.009695 0.010607 -0.141349 -0.074320
0.349020 0.372549 0.360784 1.000000 0.014688 0.000000 0.003042 0.015000 -0.126349 -0.084927
0.349020 0.372549 0.360784 1.000000 0.014688 0.000000 -0.003042 0.015000 -0.141349 -0.084927
0.349020 0.372549 0.360784 1.000000 0.015000 0.000000 0.000000 0.015000 -0.126349 -0.084927
0.349020 0.372549 0.360784 1.000000 0.011446 0.000000 -0.009695 0.010607 -0.126349 -0.095533
0.349020 0.372549 0.360784 1.000000 0.011958 0.000000 -0.009056 0.010607 -0.141349 -0.095533
0.349020 0.372549 0.360784 1.000000 0.014688 0.000000 -0.003042 0.015000 -0.141349 -0.084927
0.349020 0.372549 0.360784 1.000000 0.011446 0.000000 -0.009695 0.010607 -0.126349 -0.095533
0.349020 0.372549 0.360784 1.000000 0.009695 0.000000 -0.011446 0.010607 -0.126349 -0.095533
0.349020 0.372549 0.360784 1.000000 0.000000 0.000000 -0.015000 0.000000 -0.126349 -0.099927
0.349020 0.372549 0.360784 1.000000 0.003042 0.000000 -0.014688 0.000000 -0.141349 -0.099927
0.349020 0.372549 0.360784 1.000000 0.009056 0.000000 -0.011958 0.010607 -0.141349 -0.095533
0.349020 0.372549 0.360784 1.000000 0.009695 0.000000 -0.011446 0.010607 -0.126349 -0.095533
0.349020 0.372549 0.360784 1.000000 0.003042 0.000000 -0.014688 0.000000 -0.141349 -0.099927
0.349020 0.372549 0.360784 1.000000 -0.003042 0.000000 -0.014688 0.000000 -0.126349 -0.099927
0.349020 0.372549 0.360784 1.000000 -0.009056 0.000000 -0.011958 -0.010607 -0.126349 -0.095533
0.349020 0.372549 0.360784 1.000000 -0.009695 0.000000 -0.011446 -0.010607 -0.141349 -0.095533
0.349020 0.372549 0.360784 1.000000 0.000000 0.000000 -0.015000 0.000000 -0.141349 -0.099927
0.349020 0.372549 0.360784 1.000000 -0.003042 0.000000 -0.014688 0.000000 -0.126349 -0.099927
0.349020 0.372549 0.360784 1.000000 -0.009695 0.000000 -0.011446 -0.010607 -0.141349 -0.095533
0.349020 0.372549 0.360784 1.000000 -0.011446 0.000000 -0.009695 -0.010607 -0.141349 -0.095533
0.349020 0.372549 0.360784 1.000000 -0.011958 0.000000 -0.009056 -0.010607 -0.126349 -0.095533
0.349020 0.372549 0.360784 1.000000 -0.014688 0.000000 -0.003042 -0.015000 -0.126349 -0.084927
0.349020 0.372549 0.360784 1.000000 -0.015000 0.000000 0.000000 -0.015000 -0.141349 -0.084927
0.349020 0.372549 0.360784 1.000000 -0.011446 0.000000 -0.009695 -0.010607 -0.141349 -0.095533
0.349020 0.372549 0.360784 1.000000 -0.014688 0.000000 -0.003042 -0.015000 -0.126349 -0.084927
0.349020 0.372549 0.360784 1.000000 0.000000 -0.007500 0.000000 0.010607 -0.141349 -0.074320
0.349020 0.372549 0.360784 1.000000 0.000000 -0.007500 0.000000 -0.010607 -0.141349 -0.074320
0.349020 0.372549 0.360784 1.000000 0.000000 -0.007500 0.000000 0.000000 -0.141349 -0.069927
0.349020 0.372549 0.360784 1.000000 0.000000 -0.007500 0.000000 -0.015000 -0.141349 -0.084927
0.349020 0.372549 0.360784 1.000000 0.000000 -0.007500 0.000000 -0.010607 -0.141349 -0.074320
0.349020 0.372549 0.360784 1.000000 0.000000 -0.007500 0.000000 0.010607 -0.141349 -0.074320
0.349020 0.372549 0.360784 1.000000 0.000000 -0.007500 0.000000 0.015000 -0.141349 -0.084927
0.349020 0.372549 0.360784 1.000000 0.000000 -0.007500 0.000000 -0.015000 -0.141349 -0.084927
0.349020 0.372549 0.360784 1.000000 0.000000 -0.007500 0.000000 0.010607 -0.141349 -0.074320
0.349020 0.372549 0.360784 1.000000 0.000000 -0.007500 0.000000 -0.010607 -0.141349 -0.095533
0.349020 0.372549 0.360784 1.000000 0.000000 -0.007500 0.000000 -0.015000 -0.141349 -0.084927
0.349020 0.372549 0.360784 1.000000 0.000000 -0.007500 0.000000 0.015000 -0.141349 -0.084927
0.349020 0.372549 0.360784 1.000000 0.000000 -0.007500 0.000000 0.010607 -0.141349 -0.095533
0.349020 0.372549 0.360784 1.000000 0.000000 -0.007500 0.000000 -0.010607 -0.141349 -0.095533
0.349020 0.372549 0.360784 1.000000 0.000000 -0.007500 0.000000 0.015000 -0.141349 -0.084927
0.349020 0.372549 0.360784 1.000000 0.000000 -0.007500 0.000000 0.000000 -0.141349 -0.099927
0.349020 0.372549 0.360784 1.000000 0.000000 -0.007500 0.000000 -0.010607 -0.141349 -0.095533
0.349020 0.372549 0.360784 1.000000 0.000000 -0.007500 0.000000 0.010607 -0.141349 -0.095533
0.349020 0.372549 0.360784 1.000000 0.000000 0.007500 0.000000 -0.010607 -0.126349 -0.074320
0.349020 0.372549 0.360784 1.000000 0.000000 0.007500 0.000000 0.010607 -0.126349 -0.074320
0.349020 0.372549 0.360784 1.000000 0.000000 0.007500 0.000000 0.000000 -0.126349 -0.069927
0.349020 0.372549 0.360784 1.000000 0.000000 0.007500 0.000000 -0.015000 -0.126349 -0.084927
0.349020 0.372549 0.360784 1.000000 0.000000 0.007500 0.000000 0.010607 -0.126349 -0.074320
0.349020 0.372549 0.360784 1.000000 0.000000 0.007500 0.000000 -0.010607 -0.126349 -0.074320
0.349020 0.372549 0.360784 1.000000 0.000000 0.007500 0.000000 0.015000 -0.126349 -0.084927
0.349020 0.372549 0.360784 1.000000 0.000000 0.007500 0.000000 0.010607 -0.126349 -0.074320
0.349020 0.372549 0.360784 1.000000 0.000000 0.007500 0.000000 -0.015000 -0.126349 -0.084927
0.349020 0.372549 0.360784 1.000000 0.000000 0.007500 0.000000 0.010607 -0.126349 -0.095533
0.349020 0.372549 0.360784 1.000000 0.000000 0.007500 0.000000 0.015000 -0.126349 -0.084927
0.349020 0.372549 0.360784 1.000000 0.000000 0.007500 0.000000 -0.015000 -0.126349 -0.084927
0.349020 0.372549 0.360784 1.000000 0.000000 0.007500 0.000000 -0.010607 -0.126349 -0.095533
0.349020 0.372549 0.360784 1.000000 0.000000 0.007500 0.000000 0.010607 -0.126349 -0.095533
0.349020 0.372549 0.360784 1.000000 0.000000 0.007500 0.000000 -0.015000 -0.126349 -0.084927
0.349020 0.372549 0.360784 1.000000 0.000000 0.007500 0.000000 0.000000 -0.126349 -0.099927
0.349020 0.372549 0.360784 1.000000 0.000000 0.007500 0.000000 0.010607 -0.126349 -0.095533
0.349020 0.372549 0.360784 1.000000 0.000000 0.007500 0.000000 -0.010607 -0.126349 -0.095533
0.670588 0.713726 0.705882 1.000000 -0.012449 -0.001804 0.000363 -0.012508 -0.027650 -0.065494
0.670588 0.713726 0.705882 1.000000 -0.012500 0.000013 -0.000023 -0.012513 -0.012868 -0.050745
0.670588 0.713726 0.705882 1.000000 -0.008580 -0.013210 0.004673 -0.008851 -0.019659 -0.044624
0.670588 0.713726 0.705882 1.000000 -0.009259 -0.011212 0.005193 -0.008846 -0.033006 -0.058182
0.670588 0.713726 0.705882 1.000000 -0.012447 -0.001839 0.000366 -0.012508 -0.027650 -0.065494
0.670588 0.713726 0.705882 1.000000 -0.008561 -0.013246 0.004673 -0.008851 -0.019659 -0.044624
0.670588 0.713726 0.705882 1.000000 -0.001015 -0.017032 0.007386 -0.000007 -0.035224 -0.055153
0.670588 0.713726 0.705882 1.000000 -0.007017 -0.015051 0.005300 -0.008851 -0.019659 -0.044624
0.670588 0.713726 0.705882 1.000000 -0.001267 -0.018122 0.006342 -0.000012 -0.022470 -0.042087
0.670588 0.713726 0.705882 1.000000 -0.008067 -0.012882 0.005799 -0.008846 -0.033006 -0.058182
0.670588 0.713726 0.705882 1.000000 -0.007006 -0.015054 0.005312 -0.008851 -0.019659 -0.044624
0.670588 0.713726 0.705882 1.000000 -0.001007 -0.017027 0.007391 -0.000007 -0.035224 -0.055153
0.670588 0.713726 0.705882 1.000000 -0.000051 -0.017088 0.007410 -0.000007 -0.035224 -0.055153
0.670588 0.713726 0.705882 1.000000 0.001269 -0.018121 0.006342 -0.000012 -0.022470 -0.042087
0.670588 0.713726 0.705882 1.000000 0.007020 -0.015045 0.005302 0.008827 -0.019655 -0.044622
0.670588 0.713726 0.705882 1.000000 0.007527 -0.013188 0.006275 0.008831 -0.033003 -0.058181
0.670588 0.713726 0.705882 1.000000 -0.000059 -0.017082 0.007415 -0.000007 -0.035224 -0.055153
0.670588 0.713726 0.705882 1.000000 0.007009 -0.015048 0.005314 0.008827 -0.019655 -0.044622
0.670588 0.713726 0.705882 1.000000 0.012450 -0.001791 0.000366 0.012492 -0.027646 -0.065492
0.670588 0.713726 0.705882 1.000000 0.008583 -0.013202 0.004676 0.008827 -0.019655 -0.044622
0.670588 0.713726 0.705882 1.000000 0.012500 0.000027 -0.000019 0.012487 -0.012862 -0.050742
0.670588 0.713726 0.705882 1.000000 0.008616 -0.011836 0.005792 0.008831 -0.033003 -0.058181
0.670588 0.713726 0.705882 1.000000 0.008564 -0.013238 0.004676 0.008827 -0.019655 -0.044622
0.670588 0.713726 0.705882 1.000000 0.012448 -0.001825 0.000369 0.012492 -0.027646 -0.065492
0.670588 0.713726 0.705882 1.000000 0.008031 0.012871 -0.005859 0.008831 -0.022290 -0.072805
0.670588 0.713726 0.705882 1.000000 0.012035 0.004871 -0.001772 0.012487 -0.012862 -0.050742
0.670588 0.713726 0.705882 1.000000 0.009092 0.012368 -0.004508 0.008825 -0.006071 -0.056863
0.670588 0.713726 0.705882 1.000000 0.012466 0.001075 -0.000664 0.012492 -0.027646 -0.065492
0.670588 0.713726 0.705882 1.000000 0.012027 0.004924 -0.001778 0.012487 -0.012862 -0.050742
0.670588 0.713726 0.705882 1.000000 0.008020 0.012890 -0.005859 0.008831 -0.022290 -0.072805
0.670588 0.713726 0.705882 1.000000 0.007030 0.013970 -0.006257 0.008831 -0.022290 -0.072805
0.670588 0.713726 0.705882 1.000000 0.006514 0.015380 -0.005608 0.008825 -0.006071 -0.056863
0.670588 0.713726 0.705882 1.000000 0.000769 0.017974 -0.006570 -0.000014 -0.003260 -0.059399
0.670588 0.713726 0.705882 1.000000 -0.000078 0.016481 -0.007888 -0.000008 -0.020072 -0.075834
0.670588 0.713726 0.705882 1.000000 0.007024 0.013972 -0.006262 0.008831 -0.022290 -0.072805
0.670588 0.713726 0.705882 1.000000 0.000758 0.017970 -0.006576 -0.000014 -0.003260 -0.059399
0.670588 0.713726 0.705882 1.000000 -0.007434 0.013865 -0.005851 -0.008847 -0.022293 -0.072806
0.670588 0.713726 0.705882 1.000000 -0.000771 0.017974 -0.006571 -0.000014 -0.003260 -0.059399
0.670588 0.713726 0.705882 1.000000 -0.006517 0.015375 -0.005610 -0.008852 -0.006075 -0.056865
0.670588 0.713726 0.705882 1.000000 -0.001354 0.016384 -0.007842 -0.000008 -0.020072 -0.075834
0.670588 0.713726 0.705882 1.000000 -0.000760 0.017969 -0.006576 -0.000014 -0.003260 -0.059399
0.670588 0.713726 0.705882 1.000000 -0.007427 0.013868 -0.005857 -0.008847 -0.022293 -0.072806
0.670588 0.713726 0.705882 1.000000 -0.008539 0.012536 -0.005365 -0.008847 -0.022293 -0.072806
0.670588 0.713726 0.705882 1.000000 -0.009094 0.012360 -0.004511 -0.008852 -0.006075 -0.056865
0.670588 0.713726 0.705882 1.000000 -0.012037 0.004857 -0.001776 -0.012513 -0.012868 -0.050745
0.670588 0.713726 0.705882 1.000000 -0.012467 0.001062 -0.000667 -0.012508 -0.027650 -0.065494
0.670588 0.713726 0.705882 1.000000 -0.008526 0.012560 -0.005366 -0.008847 -0.022293 -0.072806
0.670588 0.713726 0.705882 1.000000 -0.012028 0.004911 -0.001782 -0.012513 -0.012868 -0.050745
0.670588 0.713726 0.705882 1.000000 -0.000002 0.017574 0.006991 -0.008851 -0.019659 -0.044624
0.670588 0.713726 0.705882 1.000000 -0.000002 0.017574 0.006991 0.008827 -0.019655 -0.044622
0.670588 0.713726 0.705882 1.000000 -0.000002 0.017574 0.006991 -0.000012 -0.022470 -0.042087
0.670588 0.713726 0.705882 1.000000 -0.000002 0.017574 0.006991 0.012487 -0.012862 -0.050742
0.670588 0.713726 0.705882 1.000000 -0.000002 0.017574 0.006991 0.008827 -0.019655 -0.044622
0.670588 0.713726 0.705882 1.000000 -0.000002 0.017574 0.006991 -0.008851 -0.019659 -0.044624
0.670588 0.713726 0.705882 1.000000 -0.000002 0.017574 0.006991 -0.012513 -0.012868 -0.050745
0.670588 0.713726 0.705882 1.000000 -0.000002 0.017574 0.006991 0.012487 -0.012862 -0.050742
0.670588 0.713726 0.705882 1.000000 -0.000002 0.017574 0.006991 -0.008851 -0.019659 -0.044624
0.670588 0.713726 0.705882 1.000000 -0.000002 0.017574 0.006991 0.008825 -0.006071 -0.056863
0.670588 0.713726 0.705882 1.000000 -0.000002 0.017574 0.006991 0.012487 -0.012862 -0.050742
0.670588 0.713726 0.705882 1.000000 -0.000002 0.017574 0.006991 -0.012513 -0.012868 -0.050745
0.670588 0.713726 0.705882 1.000000 -0.000002 0.017574 0.006991 -0.008852 -0.006075 -0.056865
0.670588 0.713726 0.705882 1.000000 -0.000002 0.017574 0.006991 0.008825 -0.006071 -0.056863
0.670588 0.713726 0.705882 1.000000 -0.000002 0.017574 0.006991 -0.012513 -0.012868 -0.050745
0.670588 0.713726 0.705882 1.000000 -0.000002 0.017574 0.006991 -0.000014 -0.003260 -0.059399
0.670588 0.713726 0.705882 1.000000 -0.000002 0.017574 0.006991 0.008825 -0.006071 -0.056863
0.670588 0.713726 0.705882 1.000000 -0.000002 0.017574 0.006991 -0.008852 -0.006075 -0.056865
0.670588 0.713726 0.705882 1.000000 -0.012240 0.000000 0.002562 -0.012500 -0.126260 -0.084927
0.670588 0.713726 0.705882 1.000000 -0.012477 -0.000290 0.000739 -0.012500 -0.084062 -0.084927
0.670588 0.713726 0.705882 1.000000 -0.008840 -0.001474 0.008888 -0.008839 -0.084062 -0.075994
0.670588 0.713726 0.705882 1.000000 -0.009965 0.000000 0.007627 -0.008839 -0.126260 -0.075994
0.670588 0.713726 0.705882 1.000000 -0.012240 0.000000 0.002562 -0.012500 -0.126260 -0.084927
0.670588 0.713726 0.705882 1.000000 -0.008840 -0.001474 0.008888 -0.008839 -0.084062 -0.075994
0.670588 0.713726 0.705882 1.000000 -0.002535 0.000000 0.012371 0.000000 -0.126260 -0.072293
0.670588 0.713726 0.705882 1.000000 -0.007547 0.000000 0.010071 -0.008839 -0.126260 -0.075994
0.670588 0.713726 0.705882 1.000000 -0.007881 -0.001467 0.009767 -0.008839 -0.084062 -0.075994
0.670588 0.713726 0.705882 1.000000 0.000731 -0.002092 0.012549 0.000000 -0.084062 -0.072293
0.670588 0.713726 0.705882 1.000000 -0.002535 0.000000 0.012371 0.000000 -0.126260 -0.072293
0.670588 0.713726 0.705882 1.000000 -0.007881 -0.001467 0.009767 -0.008839 -0.084062 -0.075994
0.670588 0.713726 0.705882 1.000000 0.008079 0.000000 0.009640 0.008839 -0.126260 -0.075994
0.670588 0.713726 0.705882 1.000000 0.000000 0.000000 0.012633 0.000000 -0.126260 -0.072293
0.670588 0.713726 0.705882 1.000000 0.002185 -0.002064 0.012377 0.000000 -0.084062 -0.072293
0.670588 0.713726 0.705882 1.000000 0.008831 -0.001475 0.008897 0.008839 -0.084062 -0.075994
0.670588 0.713726 0.705882 1.000000 0.008079 0.000000 0.009640 0.008839 -0.126260 -0.075994
0.670588 0.713726 0.705882 1.000000 0.002185 -0.002064 0.012377 0.000000 -0.084062 -0.072293
0.670588 0.713726 0.705882 1.000000 0.009538 0.000000 0.008165 0.008839 -0.126260 -0.075994
0.670588 0.713726 0.705882 1.000000 0.009958 -0.001460 0.007586 0.008839 -0.084062 -0.075994
0.670588 0.713726 0.705882 1.000000 0.012477 0.000275 0.000755 0.012500 -0.084062 -0.084927
0.670588 0.713726 0.705882 1.000000 0.012500 0.000000 0.000000 0.012500 -0.126260 -0.084927
0.670588 0.713726 0.705882 1.000000 0.009538 0.000000 0.008165 0.008839 -0.126260 -0.075994
0.670588 0.713726 0.705882 1.000000 0.012477 0.000275 0.000755 0.012500 -0.084062 -0.084927
0.670588 0.713726 0.705882 1.000000 0.012240 0.000000 -0.002562 0.012500 -0.126260 -0.084927
0.670588 0.713726 0.705882 1.000000 0.012478 0.000275 -0.000739 0.012500 -0.084062 -0.084927
0.670588 0.713726 0.705882 1.000000 0.009346 0.000932 -0.008370 0.008839 -0.084062 -0.093860
0.670588 0.713726 0.705882 1.000000 0.009965 0.000000 -0.007627 0.008839 -0.126260 -0.093860
0.670588 0.713726 0.705882 1.000000 0.012240 0.000000 -0.002562 0.012500 -0.126260 -0.084927
0.670588 0.713726 0.705882 1.000000 0.009346 0.000932 -0.008370 0.008839 -0.084062 -0.093860
0.670588 0.713726 0.705882 1.000000 0.008301 0.000933 -0.009429 0.008839 -0.084062 -0.093860
0.670588 0.713726 0.705882 1.000000 0.000731 0.001959 -0.012557 0.000000 -0.084062 -0.097560
0.670588 0.713726 0.705882 1.000000 0.002535 0.000000 -0.012371 0.000000 -0.126260 -0.097560
0.670588 0.713726 0.705882 1.000000 0.007547 0.000000 -0.010071 0.008839 -0.126260 -0.093860
0.670588 0.713726 0.705882 1.000000 0.008301 0.000933 -0.009429 0.008839 -0.084062 -0.093860
0.670588 0.713726 0.705882 1.000000 0.002535 0.000000 -0.012371 0.000000 -0.126260 -0.097560
0.670588 0.713726 0.705882 1.000000 -0.000752 0.001959 -0.012556 0.000000 -0.084062 -0.097560
0.670588 0.713726 0.705882 1.000000 -0.008290 0.001863 -0.009389 -0.008839 -0.084062 -0.093860
0.670588 0.713726 0.705882 1.000000 -0.008079 0.000000 -0.009640 -0.008839 -0.126260 -0.093860
0.670588 0.713726 0.705882 1.000000 0.000000 0.000000 -0.012633 0.000000 -0.126260 -0.097560
0.670588 0.713726 0.705882 1.000000 -0.000752 0.001959 -0.012556 0.000000 -0.084062 -0.097560
0.670588 0.713726 0.705882 1.000000 -0.008079 0.000000 -0.009640 -0.008839 -0.126260 -0.093860
0.670588 0.713726 0.705882 1.000000 -0.009538 0.000000 -0.008165 -0.008839 -0.126260 -0.093860
0.670588 0.713726 0.705882 1.000000 -0.009335 0.001862 -0.008328 -0.008839 -0.084062 -0.093860
0.670588 0.713726 0.705882 1.000000 -0.012476 -0.000290 -0.000755 -0.012500 -0.084062 -0.084927
0.670588 0.713726 0.705882 1.000000 -0.012500 0.000000 0.000000 -0.012500 -0.126260 -0.084927
0.670588 0.713726 0.705882 1.000000 -0.009538 0.000000 -0.008165 -0.008839 -0.126260 -0.093860
0.670588 0.713726 0.705882 1.000000 -0.012476 -0.000290 -0.000755 -0.012500 -0.084062 -0.084927
0.670588 0.713726 0.705882 1.000000 -0.012474 -0.000571 0.000731 -0.012500 -0.084062 -0.084927
0.670588 0.713726 0.705882 1.000000 -0.012475 -0.000688 0.000693 -0.012501 -0.064001 -0.082195
0.670588 0.713726 0.705882 1.000000 -0.009245 -0.005331 0.007881 -0.008840 -0.065890 -0.073447
0.670588 0.713726 0.705882 1.000000 -0.008830 -0.001729 0.008882 -0.008839 -0.084062 -0.075994
0.670588 0.713726 0.705882 1.000000 -0.012474 -0.000582 0.000736 -0.012500 -0.084062 -0.084927
0.670588 0.713726 0.705882 1.000000 -0.009240 -0.005340 0.007884 -0.008840 -0.065890 -0.073447
0.670588 0.713726 0.705882 1.000000 -0.000765 -0.007411 0.011803 -0.000001 -0.066672 -0.069824
0.670588 0.713726 0.705882 1.000000 -0.007874 -0.002069 0.009733 -0.008839 -0.084062 -0.075994
0.670588 0.713726 0.705882 1.000000 -0.008186 -0.005740 0.008908 -0.008840 -0.065890 -0.073447
0.670588 0.713726 0.705882 1.000000 0.000748 -0.002791 0.012499 0.000000 -0.084062 -0.072293
0.670588 0.713726 0.705882 1.000000 -0.007870 -0.002078 0.009736 -0.008839 -0.084062 -0.075994
0.670588 0.713726 0.705882 1.000000 -0.000759 -0.007419 0.011801 -0.000001 -0.066672 -0.069824
0.670588 0.713726 0.705882 1.000000 0.007434 -0.005329 0.009642 0.008838 -0.065889 -0.073447
0.670588 0.713726 0.705882 1.000000 0.002174 -0.002753 0.012331 0.000000 -0.084062 -0.072293
0.670588 0.713726 0.705882 1.000000 0.000694 -0.007422 0.011805 -0.000001 -0.066672 -0.069824
0.670588 0.713726 0.705882 1.000000 0.008814 -0.002282 0.008853 0.008839 -0.084062 -0.075994
0.670588 0.713726 0.705882 1.000000 0.002168 -0.002745 0.012333 0.000000 -0.084062 -0.072293
0.670588 0.713726 0.705882 1.000000 0.007429 -0.005321 0.009648 0.008838 -0.065889 -0.073447
0.670588 0.713726 0.705882 1.000000 0.009948 -0.001794 0.007574 0.008839 -0.084062 -0.075994
0.670588 0.713726 0.705882 1.000000 0.008742 -0.004902 0.008540 0.008838 -0.065889 -0.073447
0.670588 0.713726 0.705882 1.000000 0.012294 -0.001241 0.002159 0.012499 -0.063999 -0.082195
0.670588 0.713726 0.705882 1.000000 0.012478 -0.000007 0.000753 0.012500 -0.084062 -0.084927
0.670588 0.713726 0.705882 1.000000 0.009944 -0.001787 0.007579 0.008839 -0.084062 -0.075994
0.670588 0.713726 0.705882 1.000000 0.012293 -0.001236 0.002165 0.012499 -0.063999 -0.082195
0.670588 0.713726 0.705882 1.000000 0.012475 0.000556 -0.000732 0.012500 -0.084062 -0.084927
0.670588 0.713726 0.705882 1.000000 0.012474 -0.000687 0.000703 0.012499 -0.063999 -0.082195
0.670588 0.713726 0.705882 1.000000 0.009614 0.004360 -0.007640 0.008837 -0.062111 -0.090943
0.670588 0.713726 0.705882 1.000000 0.009339 0.001209 -0.008366 0.008839 -0.084062 -0.093860
0.670588 0.713726 0.705882 1.000000 0.012474 0.000552 -0.000737 0.012500 -0.084062 -0.084927
0.670588 0.713726 0.705882 1.000000 0.009612 0.004356 -0.007644 0.008837 -0.062111 -0.090943
0.670588 0.713726 0.705882 1.000000 0.008739 0.004706 -0.008582 0.008837 -0.062111 -0.090943
0.670588 0.713726 0.705882 1.000000 0.000695 0.007141 -0.011867 -0.000001 -0.061329 -0.094566
0.670588 0.713726 0.705882 1.000000 0.000720 0.002610 -0.012515 0.000000 -0.084062 -0.097560
0.670588 0.713726 0.705882 1.000000 0.008295 0.001590 -0.009403 0.008839 -0.084062 -0.093860
0.670588 0.713726 0.705882 1.000000 0.008736 0.004712 -0.008584 0.008837 -0.062111 -0.090943
0.670588 0.713726 0.705882 1.000000 0.000716 0.002616 -0.012515 0.000000 -0.084062 -0.097560
0.670588 0.713726 0.705882 1.000000 -0.000768 0.007144 -0.011862 -0.000001 -0.061329 -0.094566
0.670588 0.713726 0.705882 1.000000 -0.008165 0.005951 -0.008877 -0.008840 -0.062112 -0.090943
0.670588 0.713726 0.705882 1.000000 -0.008276 0.002517 -0.009347 -0.008839 -0.084062 -0.093860
0.670588 0.713726 0.705882 1.000000 -0.000737 0.002609 -0.012514 0.000000 -0.084062 -0.097560
0.670588 0.713726 0.705882 1.000000 -0.000763 0.007138 -0.011863 -0.000001 -0.061329 -0.094566
0.670588 0.713726 0.705882 1.000000 -0.008273 0.002513 -0.009350 -0.008839 -0.084062 -0.093860
0.670588 0.713726 0.705882 1.000000 -0.009325 0.002136 -0.008316 -0.008839 -0.084062 -0.093860
0.670588 0.713726 0.705882 1.000000 -0.009222 0.005570 -0.007849 -0.008840 -0.062112 -0.090943
0.670588 0.713726 0.705882 1.000000 -0.012475 -0.000129 -0.000796 -0.012501 -0.064001 -0.082195
0.670588 0.713726 0.705882 1.000000 -0.012478 -0.000008 -0.000753 -0.012500 -0.084062 -0.084927
0.670588 0.713726 0.705882 1.000000 -0.009321 0.002144 -0.008319 -0.008839 -0.084062 -0.093860
0.670588 0.713726 0.705882 1.000000 -0.012475 -0.000121 -0.000800 -0.012501 -0.064001 -0.082195
0.670588 0.713726 0.705882 1.000000 -0.012467 -0.001079 0.000649 -0.012501 -0.064001 -0.082195
0.670588 0.713726 0.705882 1.000000 -0.012469 -0.001046 0.000623 -0.012504 -0.044933 -0.075627
0.670588 0.713726 0.705882 1.000000 -0.008993 -0.008961 0.006943 -0.008843 -0.048633 -0.067427
0.670588 0.713726 0.705882 1.000000 -0.009207 -0.005724 0.007827 -0.008840 -0.065890 -0.073447
0.670588 0.713726 0.705882 1.000000 -0.012467 -0.001091 0.000653 -0.012501 -0.064001 -0.082195
0.670588 0.713726 0.705882 1.000000 -0.008987 -0.008971 0.006946 -0.008843 -0.048633 -0.067427
0.670588 0.713726 0.705882 1.000000 -0.000728 -0.012536 0.010135 -0.000004 -0.050164 -0.064030
0.670588 0.713726 0.705882 1.000000 -0.008149 -0.006596 0.008728 -0.008840 -0.065890 -0.073447
0.670588 0.713726 0.705882 1.000000 -0.007906 -0.009821 0.007822 -0.008843 -0.048633 -0.067427
0.670588 0.713726 0.705882 1.000000 -0.000717 -0.008258 0.011603 -0.000001 -0.066672 -0.069824
0.670588 0.713726 0.705882 1.000000 -0.008145 -0.006606 0.008729 -0.008840 -0.065890 -0.073447
0.670588 0.713726 0.705882 1.000000 -0.000722 -0.012542 0.010132 -0.000004 -0.050164 -0.064030
0.670588 0.713726 0.705882 1.000000 0.007937 -0.009170 0.008068 0.008835 -0.048630 -0.067426
0.670588 0.713726 0.705882 1.000000 0.000652 -0.008259 0.011606 -0.000001 -0.066672 -0.069824
0.670588 0.713726 0.705882 1.000000 0.000631 -0.012547 0.010137 -0.000004 -0.050164 -0.064030
0.670588 0.713726 0.705882 1.000000 0.007397 -0.006319 0.009455 0.008838 -0.065889 -0.073447
0.670588 0.713726 0.705882 1.000000 0.000647 -0.008252 0.011608 -0.000001 -0.066672 -0.069824
0.670588 0.713726 0.705882 1.000000 0.007934 -0.009166 0.008074 0.008835 -0.048630 -0.067426
0.670588 0.713726 0.705882 1.000000 0.012286 -0.001619 0.002118 0.012499 -0.063999 -0.082195
0.670588 0.713726 0.705882 1.000000 0.009022 -0.008302 0.007194 0.008835 -0.048630 -0.067426
0.670588 0.713726 0.705882 1.000000 0.012470 -0.001036 0.000625 0.012496 -0.044930 -0.075626
0.670588 0.713726 0.705882 1.000000 0.008704 -0.005354 0.008481 0.008838 -0.065889 -0.073447
0.670588 0.713726 0.705882 1.000000 0.009016 -0.008312 0.007196 0.008835 -0.048630 -0.067426
0.670588 0.713726 0.705882 1.000000 0.012285 -0.001631 0.002122 0.012499 -0.063999 -0.082195
0.670588 0.713726 0.705882 1.000000 0.009592 0.004691 -0.007598 0.008837 -0.062111 -0.090943
0.670588 0.713726 0.705882 1.000000 0.012474 0.000320 -0.000794 0.012496 -0.044930 -0.075626
0.670588 0.713726 0.705882 1.000000 0.008991 0.008522 -0.007140 0.008835 -0.041231 -0.083826
0.670588 0.713726 0.705882 1.000000 0.012477 -0.000293 0.000745 0.012499 -0.063999 -0.082195
0.670588 0.713726 0.705882 1.000000 0.012473 0.000331 -0.000798 0.012496 -0.044930 -0.075626
0.670588 0.713726 0.705882 1.000000 0.009589 0.004700 -0.007601 0.008837 -0.062111 -0.090943
0.670588 0.713726 0.705882 1.000000 0.007908 0.009353 -0.008022 0.008835 -0.041231 -0.083826
0.670588 0.713726 0.705882 1.000000 0.000631 0.012341 -0.010227 -0.000004 -0.039700 -0.087223
0.670588 0.713726 0.705882 1.000000 0.000653 0.007989 -0.011674 -0.000001 -0.061329 -0.094566
0.670588 0.713726 0.705882 1.000000 0.008717 0.005472 -0.008441 0.008837 -0.062111 -0.090943
0.670588 0.713726 0.705882 1.000000 0.007905 0.009359 -0.008023 0.008835 -0.041231 -0.083826
0.670588 0.713726 0.705882 1.000000 0.000649 0.007994 -0.011673 -0.000001 -0.061329 -0.094566
0.670588 0.713726 0.705882 1.000000 -0.000733 0.012339 -0.010221 -0.000004 -0.039700 -0.087223
0.670588 0.713726 0.705882 1.000000 -0.007872 0.010007 -0.007772 -0.008843 -0.041234 -0.083826
0.670588 0.713726 0.705882 1.000000 -0.008122 0.006806 -0.008695 -0.008840 -0.062112 -0.090943
0.670588 0.713726 0.705882 1.000000 -0.000722 0.007987 -0.011670 -0.000001 -0.061329 -0.094566
0.670588 0.713726 0.705882 1.000000 -0.000729 0.012335 -0.010223 -0.000004 -0.039700 -0.087223
0.670588 0.713726 0.705882 1.000000 -0.008119 0.006804 -0.008699 -0.008840 -0.062112 -0.090943
0.670588 0.713726 0.705882 1.000000 -0.009187 0.005949 -0.007791 -0.008840 -0.062112 -0.090943
0.670588 0.713726 0.705882 1.000000 -0.008958 0.009172 -0.006890 -0.008843 -0.041234 -0.083826
0.670588 0.713726 0.705882 1.000000 -0.012474 0.000310 -0.000796 -0.012504 -0.044933 -0.075627
0.670588 0.713726 0.705882 1.000000 -0.012477 0.000272 -0.000757 -0.012501 -0.064001 -0.082195
0.670588 0.713726 0.705882 1.000000 -0.009183 0.005958 -0.007794 -0.008840 -0.062112 -0.090943
0.670588 0.713726 0.705882 1.000000 -0.012473 0.000321 -0.000800 -0.012504 -0.044933 -0.075627
0.670588 0.713726 0.705882 1.000000 -0.012461 -0.001400 0.000547 -0.012504 -0.044933 -0.075627
0.670588 0.713726 0.705882 1.000000 -0.012461 -0.001436 0.000498 -0.012508 -0.027650 -0.065494
0.670588 0.713726 0.705882 1.000000 -0.009343 -0.010796 0.005353 -0.008846 -0.033006 -0.058182
0.670588 0.713726 0.705882 1.000000 -0.008939 -0.009300 0.006854 -0.008843 -0.048633 -0.067427
0.670588 0.713726 0.705882 1.000000 -0.012460 -0.001414 0.000549 -0.012504 -0.044933 -0.075627
0.670588 0.713726 0.705882 1.000000 -0.009337 -0.010809 0.005354 -0.008846 -0.033006 -0.058182
0.670588 0.713726 0.705882 1.000000 -0.001073 -0.016610 0.007714 -0.000007 -0.035224 -0.055153
0.670588 0.713726 0.705882 1.000000 -0.007859 -0.010467 0.007565 -0.008843 -0.048633 -0.067427
0.670588 0.713726 0.705882 1.000000 -0.008129 -0.012227 0.006205 -0.008846 -0.033006 -0.058182
0.670588 0.713726 0.705882 1.000000 -0.000667 -0.013149 0.009857 -0.000004 -0.050164 -0.064030
0.670588 0.713726 0.705882 1.000000 -0.007855 -0.010477 0.007565 -0.008843 -0.048633 -0.067427
0.670588 0.713726 0.705882 1.000000 -0.001068 -0.016614 0.007712 -0.000007 -0.035224 -0.055153
0.670588 0.713726 0.705882 1.000000 0.007578 -0.012627 0.006616 0.008831 -0.033003 -0.058181
0.670588 0.713726 0.705882 1.000000 0.000575 -0.013153 0.009861 -0.000004 -0.050164 -0.064030
0.670588 0.713726 0.705882 1.000000 0.000005 -0.016675 0.007741 -0.000007 -0.035224 -0.055153
0.670588 0.713726 0.705882 1.000000 0.007898 -0.009824 0.007828 0.008835 -0.048630 -0.067426
0.670588 0.713726 0.705882 1.000000 0.000570 -0.013148 0.009864 -0.000004 -0.050164 -0.064030
0.670588 0.713726 0.705882 1.000000 0.007575 -0.012626 0.006621 0.008831 -0.033003 -0.058181
0.670588 0.713726 0.705882 1.000000 0.012461 -0.001390 0.000549 0.012496 -0.044930 -0.075626
0.670588 0.713726 0.705882 1.000000 0.008689 -0.011483 0.005933 0.008831 -0.033003 -0.058181
0.670588 0.713726 0.705882 1.000000 0.012462 -0.001423 0.000500 0.012492 -0.027646 -0.065492
0.670588 0.713726 0.705882 1.000000 0.008973 -0.008647 0.007109 0.008835 -0.048630 -0.067426
0.670588 0.713726 0.705882 1.000000 0.008684 -0.011493 0.005934 0.008831 -0.033003 -0.058181
0.670588 0.713726 0.705882 1.000000 0.012460 -0.001404 0.000551 0.012496 -0.044930 -0.075626
0.670588 0.713726 0.705882 1.000000 0.008946 0.008854 -0.007053 0.008835 -0.041231 -0.083826
0.670588 0.713726 0.705882 1.000000 0.012469 0.000682 -0.000792 0.012492 -0.027646 -0.065492
0.670588 0.713726 0.705882 1.000000 0.008090 0.012601 -0.005986 0.008831 -0.022290 -0.072805
0.670588 0.713726 0.705882 1.000000 0.012473 0.000687 -0.000722 0.012496 -0.044930 -0.075626
0.670588 0.713726 0.705882 1.000000 0.012468 0.000694 -0.000794 0.012492 -0.027646 -0.065492
0.670588 0.713726 0.705882 1.000000 0.008942 0.008864 -0.007054 0.008835 -0.041231 -0.083826
0.670588 0.713726 0.705882 1.000000 0.007079 0.013506 -0.006559 0.008831 -0.022290 -0.072805
0.670588 0.713726 0.705882 1.000000 0.000004 0.015910 -0.008297 -0.000008 -0.020072 -0.075834
0.670588 0.713726 0.705882 1.000000 0.000576 0.012958 -0.009953 -0.000004 -0.039700 -0.087223
0.670588 0.713726 0.705882 1.000000 0.007864 0.010018 -0.007775 0.008835 -0.041231 -0.083826
0.670588 0.713726 0.705882 1.000000 0.007075 0.013511 -0.006559 0.008831 -0.022290 -0.072805
0.670588 0.713726 0.705882 1.000000 0.000571 0.012962 -0.009952 -0.000004 -0.039700 -0.087223
0.670588 0.713726 0.705882 1.000000 -0.001435 0.015808 -0.008240 -0.000008 -0.020072 -0.075834
0.670588 0.713726 0.705882 1.000000 -0.007492 0.013343 -0.006199 -0.008847 -0.022293 -0.072806
0.670588 0.713726 0.705882 1.000000 -0.007820 0.010653 -0.007513 -0.008843 -0.041234 -0.083826
0.670588 0.713726 0.705882 1.000000 -0.000673 0.012953 -0.009949 -0.000004 -0.039700 -0.087223
0.670588 0.713726 0.705882 1.000000 -0.001431 0.015805 -0.008243 -0.000008 -0.020072 -0.075834
0.670588 0.713726 0.705882 1.000000 -0.007817 0.010653 -0.007516 -0.008843 -0.041234 -0.083826
0.670588 0.713726 0.705882 1.000000 -0.008907 0.009497 -0.006799 -0.008843 -0.041234 -0.083826
0.670588 0.713726 0.705882 1.000000 -0.008606 0.012227 -0.005508 -0.008847 -0.022293 -0.072806
0.670588 0.713726 0.705882 1.000000 -0.012469 0.000669 -0.000794 -0.012508 -0.027650 -0.065494
0.670588 0.713726 0.705882 1.000000 -0.012473 0.000676 -0.000723 -0.012504 -0.044933 -0.075627
0.670588 0.713726 0.705882 1.000000 -0.008903 0.009507 -0.006800 -0.008843 -0.041234 -0.083826
0.670588 0.713726 0.705882 1.000000 -0.012469 0.000681 -0.000797 -0.012508 -0.027650 -0.065494
